3 0.790915 0.174991 0.068657 0.118233
5 0.703584 0.129714 0.079901 0.105310
5 0.187007 0.464795 0.282645 0.403051
5 0.631880 0.854170 0.436579 0.291660
5 0.521341 0.481031 0.141845 0.179747
2 0.800971 0.344498 0.033515 0.104094
0 0.885309 0.382923 0.072493 0.211184
2 0.479262 0.717220 0.031427 0.102924
2 0.698131 0.228731 0.064694 0.049224
2 0.395741 0.715365 0.030214 0.093369
2 0.436998 0.715250 0.031750 0.099728
2 0.395033 0.463305 0.042814 0.042412
2 0.768340 0.035469 0.032196 0.070938
0 0.360957 0.081570 0.058799 0.041428
0 0.884021 0.113253 0.083471 0.217460
2 0.516022 0.337345 0.064154 0.052427
2 0.856500 0.698990 0.024414 0.064531
0 0.358998 0.206855 0.058688 0.043381
0 0.357692 0.144111 0.057605 0.043032
2 0.810130 0.692843 0.025607 0.072749
0 0.121667 0.062626 0.034367 0.098276
2 0.058196 0.158363 0.057371 0.047930
2 0.400582 0.867514 0.058208 0.088798
0 0.081807 0.061479 0.031623 0.095017
0 0.160505 0.058808 0.029742 0.089549
2 0.922037 0.703975 0.024608 0.059440
0 0.810151 0.043271 0.035385 0.086542
2 0.081740 0.214739 0.029734 0.025214
0 0.358018 0.336067 0.021512 0.019105
2 0.418599 0.334661 0.015823 0.054284
0 0.361908 0.020722 0.059902 0.041445
0 0.889453 0.701266 0.016916 0.052464
0 0.777653 0.701978 0.017421 0.055076
0 0.356651 0.364739 0.019031 0.016689
2 0.645827 0.150694 0.009505 0.026607
0 0.356396 0.393844 0.020418 0.015586
2 0.385249 0.422638 0.020668 0.014714
0 0.953352 0.702194 0.018208 0.052257
2 0.621208 0.151608 0.010257 0.027691
2 0.580983 0.666921 0.017815 0.013370
2 0.392777 0.352476 0.008453 0.028383
2 0.017731 0.372395 0.016659 0.051257
0 0.009526 0.060790 0.019051 0.106211
2 0.887319 0.113405 0.067717 0.144591
0 0.882338 0.703218 0.020917 0.057530
