2 0.608316 0.085237 0.022000 0.021908
2 0.544495 0.084923 0.021694 0.020365
4 0.405635 0.165296 0.101247 0.145362
0 0.167138 0.547005 0.023000 0.024872
2 0.544339 0.466954 0.022110 0.019577
2 0.588486 0.660720 0.020231 0.017916
2 0.111127 0.432358 0.012396 0.031351
2 0.480518 0.140473 0.020452 0.019488
2 0.183494 0.708231 0.014265 0.036599
2 0.744270 0.952666 0.022373 0.019595
3 0.191912 0.637526 0.028738 0.039251
2 0.815418 0.302626 0.012503 0.030905
2 0.539782 0.017267 0.022219 0.021764
2 0.480776 0.086136 0.021390 0.019896
2 0.023935 0.404637 0.021073 0.019771
2 0.480521 0.112196 0.019477 0.019008
0 0.157442 0.508700 0.015636 0.038646
2 0.544660 0.112995 0.019072 0.020165
2 0.849888 0.766734 0.021268 0.018939
4 0.572924 0.381687 0.054054 0.109324
2 0.875984 0.720377 0.020504 0.019422
2 0.535293 0.149409 0.013101 0.031452
2 0.710217 0.486675 0.022110 0.020222
2 0.057654 0.414928 0.012432 0.033156
2 0.075166 0.490856 0.014189 0.035155
2 0.769859 0.259563 0.018865 0.019170
0 0.175981 0.509093 0.015013 0.037948
0 0.183393 0.762703 0.017591 0.042048
2 0.023228 0.161902 0.021848 0.020641
2 0.129256 0.432093 0.012360 0.031535
3 0.137025 0.562390 0.026689 0.051613
0 0.165381 0.707134 0.015306 0.039012
2 0.875760 0.694082 0.019708 0.018371
2 0.850795 0.657884 0.012513 0.033390
0 0.172790 0.420649 0.024016 0.024223
0 0.816932 0.460934 0.023712 0.022485
2 0.744848 0.789276 0.021099 0.018545
2 0.124270 0.322344 0.021328 0.020064
2 0.617557 0.146470 0.013187 0.029406
2 0.848706 0.297400 0.019143 0.018864
0 0.826875 0.148702 0.014778 0.035233
2 0.908863 0.415900 0.011960 0.031514
0 0.216135 0.620436 0.015265 0.038690
2 0.632033 0.357774 0.011640 0.028766
2 0.686006 0.873623 0.070568 0.110337
0 0.787743 0.036463 0.016395 0.039990
3 0.916677 0.697047 0.041402 0.053861
2 0.014353 0.203883 0.013411 0.036595
0 0.457643 0.314736 0.023054 0.066292
3 0.111476 0.671617 0.040560 0.076357
2 0.770481 0.284259 0.018530 0.018779
2 0.598955 0.146208 0.012285 0.029973
0 0.789390 0.927320 0.015155 0.037554
0 0.779579 0.345745 0.022876 0.022910
0 0.034282 0.694473 0.024094 0.022757
0 0.828540 0.662179 0.019533 0.047998
2 0.868910 0.657406 0.011342 0.033200
0 0.865531 0.443095 0.014775 0.035094
0 0.077068 0.679132 0.014911 0.039197
2 0.398821 0.298287 0.012141 0.031485
2 0.850627 0.607997 0.012877 0.033232
0 0.712189 0.316933 0.075598 0.072712
0 0.074692 0.415550 0.014851 0.036935
3 0.750119 0.906651 0.049404 0.066268
3 0.182559 0.463139 0.025580 0.044699
0 0.160690 0.623886 0.022760 0.022330
4 0.418810 0.621788 0.100445 0.145117
0 0.757591 0.374943 0.024506 0.023495
0 0.829142 0.607943 0.014552 0.037973
0 0.867973 0.608187 0.013729 0.035233
3 0.169297 0.588926 0.026010 0.045324
0 0.154026 0.446807 0.022207 0.021366
0 0.789248 0.863402 0.014327 0.034813
0 0.057065 0.462189 0.015384 0.035817
0 0.846394 0.017973 0.017047 0.035947
0 0.493863 0.379788 0.014006 0.035485
3 0.858370 0.150757 0.038977 0.049691
0 0.374632 0.315539 0.023450 0.068893
2 0.568538 0.598287 0.058774 0.091759
2 0.807250 0.012977 0.011582 0.025954
3 0.890705 0.656849 0.025657 0.049711
0 0.413873 0.499284 0.021515 0.020165
0 0.905414 0.296167 0.075291 0.072694
3 0.814095 0.927378 0.026884 0.049109
0 0.011163 0.020663 0.021528 0.024130
2 0.433947 0.297846 0.012285 0.031182
2 0.449724 0.018764 0.022140 0.022830
2 0.825984 0.012774 0.011956 0.025548
3 0.817582 0.852470 0.031272 0.041011
3 0.236307 0.608885 0.020187 0.042185
2 0.888591 0.854550 0.072792 0.114095
0 0.839030 0.384928 0.074910 0.074297
0 0.592910 0.531442 0.023448 0.021372
0 0.033291 0.202626 0.015395 0.034942
2 0.779980 0.436308 0.019446 0.019201
2 0.004883 0.707966 0.009767 0.035580
5 0.856207 0.535324 0.053469 0.083390
4 0.859999 0.536598 0.048755 0.080233
0 0.046204 0.019813 0.023537 0.024269
2 0.867508 0.849672 0.037291 0.112257
2 0.608319 0.110527 0.019213 0.020132
5 0.706702 0.647249 0.134792 0.295191
2 0.400824 0.010928 0.012101 0.021857
5 0.754332 0.833528 0.033666 0.062405
2 0.116900 0.489803 0.025217 0.052559
2 0.611041 0.344868 0.019385 0.020642
2 0.830900 0.531365 0.015999 0.015223
2 0.831309 0.503195 0.016419 0.016551
2 0.007976 0.070506 0.015953 0.058093
0 0.597600 0.305136 0.050707 0.029882
2 0.302793 0.606608 0.020802 0.038417
0 0.255297 0.714961 0.028361 0.030623
2 0.818033 0.811553 0.032435 0.027965
2 0.742363 0.487316 0.020206 0.019078
3 0.038761 0.355003 0.028665 0.025046
0 0.216758 0.696904 0.016337 0.039035
0 0.808046 0.148031 0.014855 0.036223
3 0.751795 0.836085 0.044291 0.068233
2 0.574779 0.145701 0.012423 0.031163
5 0.753505 0.905786 0.034402 0.061574
2 0.246434 0.553466 0.018411 0.037006
2 0.003462 0.120563 0.006924 0.024151
0 0.568450 0.518017 0.014456 0.031607
2 0.688243 0.014740 0.010466 0.024263
0 0.779838 0.460594 0.018353 0.018138
2 0.003354 0.450875 0.006708 0.063970
5 0.917097 0.695044 0.033083 0.045213
0 0.953112 0.044881 0.012666 0.033079
2 0.429475 0.334587 0.015286 0.018747
2 0.179535 0.043375 0.017005 0.035897
0 0.510955 0.480660 0.016012 0.038203
3 0.292290 0.662695 0.019418 0.036529
2 0.610847 0.415045 0.022264 0.024270
2 0.702400 0.460798 0.012788 0.018811
