5 0.311021 0.542047 0.046763 0.090480
5 0.650440 0.726838 0.054308 0.104726
5 0.543788 0.479051 0.154709 0.168367
0 0.731278 0.268094 0.010927 0.030723
0 0.651637 0.406683 0.012050 0.035554
2 0.594676 0.333788 0.011029 0.031867
0 0.647525 0.269061 0.012487 0.036752
0 0.517292 0.269210 0.011248 0.032869
0 0.499293 0.269752 0.010572 0.031724
0 0.517674 0.333320 0.011678 0.033923
2 0.596905 0.615159 0.012985 0.033855
5 0.480838 0.727790 0.048973 0.101571
0 0.668732 0.331669 0.011821 0.033779
0 0.407738 0.462000 0.012906 0.039711
0 0.454019 0.613491 0.013144 0.039099
2 0.705694 0.080678 0.013133 0.037095
3 0.766070 0.408494 0.028258 0.058329
0 0.602265 0.214318 0.011873 0.034651
0 0.569008 0.098427 0.011562 0.034122
2 0.652093 0.082327 0.010577 0.029978
2 0.505716 0.614329 0.012264 0.033729
0 0.380243 0.086395 0.012236 0.035067
0 0.310926 0.433606 0.012826 0.038103
2 0.396573 0.245144 0.010912 0.028213
2 0.433353 0.160768 0.010847 0.035875
0 0.695398 0.407355 0.010968 0.032490
0 0.587890 0.097095 0.012785 0.035926
0 0.361143 0.404482 0.012436 0.037870
0 0.461292 0.272610 0.011589 0.033998
2 0.644193 0.153035 0.010644 0.028156
0 0.328883 0.432571 0.011192 0.030763
0 0.518490 0.169730 0.010889 0.031371
2 0.613254 0.333745 0.011121 0.028156
0 0.713199 0.405992 0.011177 0.032271
0 0.262502 0.634295 0.012083 0.036481
0 0.423226 0.338320 0.011940 0.032818
0 0.518435 0.112400 0.011191 0.033384
2 0.302105 0.635708 0.010550 0.027080
0 0.632811 0.332757 0.013656 0.039928
2 0.625763 0.613691 0.012445 0.032932
3 0.678547 0.112325 0.029243 0.051674
0 0.426064 0.463884 0.011274 0.032493
0 0.417317 0.525711 0.011340 0.033515
0 0.498160 0.333605 0.013389 0.040589
0 0.518501 0.051815 0.011900 0.034447
2 0.380390 0.160280 0.012046 0.031861
2 0.354980 0.466376 0.010783 0.028882
0 0.698104 0.267502 0.012051 0.034595
3 0.422049 0.245267 0.028903 0.054137
0 0.565501 0.038357 0.013782 0.035170
3 0.672717 0.270728 0.026761 0.053615
0 0.450472 0.084964 0.010763 0.031972
2 0.570871 0.779872 0.010795 0.025570
2 0.667246 0.480672 0.010464 0.028838
0 0.355114 0.585244 0.011874 0.034085
0 0.323650 0.635225 0.012578 0.034304
3 0.545049 0.270183 0.027235 0.047613
2 0.331482 0.340852 0.011183 0.028171
0 0.715606 0.477823 0.012244 0.033551
3 0.424762 0.087606 0.026717 0.049988
2 0.471776 0.613039 0.011409 0.029727
3 0.626146 0.078137 0.028800 0.050363
3 0.646517 0.019042 0.026997 0.037417
3 0.765850 0.478021 0.027586 0.052571
2 0.400005 0.405763 0.010319 0.027530
3 0.391871 0.338142 0.028160 0.052261
3 0.642979 0.207303 0.028097 0.050260
2 0.651560 0.333837 0.010832 0.034074
0 0.354681 0.523919 0.010938 0.029209
3 0.474666 0.086959 0.026285 0.052000
3 0.351986 0.246274 0.028486 0.054730
2 0.323929 0.246073 0.011592 0.028598
2 0.500452 0.170958 0.011665 0.033038
0 0.373979 0.463890 0.010926 0.033307
2 0.972923 0.753001 0.011659 0.025950
0 0.617650 0.153059 0.012388 0.037617
2 0.791062 0.407212 0.010211 0.024998
0 0.361744 0.088725 0.012813 0.037895
2 0.425387 0.737892 0.010500 0.025605
0 0.645042 0.612998 0.010706 0.031261
0 0.283590 0.632797 0.013331 0.040937
2 0.290757 0.435013 0.011126 0.028182
3 0.358106 0.338834 0.027308 0.049613
0 0.696077 0.478675 0.013135 0.037078
0 0.373730 0.523961 0.010827 0.029738
0 0.608412 0.269837 0.010568 0.029087
3 0.407787 0.159930 0.027537 0.055727
0 0.381098 0.403085 0.013678 0.040718
0 0.588594 0.270069 0.010682 0.029824
0 0.537221 0.333641 0.011419 0.030212
0 0.576780 0.611698 0.013591 0.041618
0 0.399843 0.085213 0.010661 0.030744
2 0.070814 0.733190 0.012280 0.023775
0 0.688327 0.174547 0.013190 0.039399
0 0.052476 0.733926 0.013890 0.034700
0 0.524890 0.614553 0.011681 0.034512
0 0.723917 0.077912 0.013560 0.037686
0 0.669512 0.173549 0.012952 0.038124
2 0.052333 0.734332 0.011100 0.023688
2 0.597991 0.044169 0.013256 0.032464
2 0.991971 0.754595 0.013039 0.029167
0 0.791164 0.478077 0.012234 0.034393
3 0.458608 0.160707 0.029303 0.054389
0 0.070302 0.731894 0.013716 0.035156
0 0.433342 0.158949 0.012500 0.036888
2 0.282656 0.635362 0.011464 0.030454
0 0.499926 0.083256 0.012333 0.037047
0 0.731140 0.405763 0.010919 0.029663
0 0.355072 0.463072 0.012716 0.037578
2 0.034417 0.734521 0.010886 0.024359
0 0.015763 0.733479 0.011021 0.028572
0 0.599458 0.151442 0.011164 0.032918
2 0.550078 0.099227 0.010877 0.030453
3 0.698528 0.018377 0.026513 0.036337
0 0.302478 0.635713 0.012779 0.033968
0 0.705624 0.080179 0.014174 0.042056
2 0.791188 0.478751 0.011042 0.027650
0 0.425572 0.736517 0.012876 0.033612
0 0.673076 0.014255 0.012566 0.028510
0 0.613183 0.332866 0.012770 0.038463
0 0.620000 0.014420 0.010151 0.026811
0 0.035022 0.733812 0.014324 0.035247
0 0.471809 0.612162 0.012936 0.038229
0 0.723976 0.013457 0.011126 0.026793
0 0.396827 0.244379 0.013118 0.038413
0 0.625628 0.611493 0.013965 0.039741
0 0.323915 0.244848 0.012748 0.037775
0 0.971152 0.751871 0.014736 0.035328
0 0.990219 0.750098 0.013814 0.038135
0 0.643950 0.152394 0.012281 0.035596
0 0.549690 0.097893 0.013217 0.036949
0 0.399804 0.403646 0.011536 0.033170
2 0.423068 0.265844 0.020083 0.009747
0 0.510056 0.614283 0.004728 0.043587
2 0.569154 0.349815 0.017831 0.016473
0 0.790414 0.405717 0.013832 0.038915
0 0.697738 0.270742 0.010263 0.019478
0 0.596932 0.611803 0.013350 0.037550
0 0.571175 0.778453 0.014412 0.042966
2 0.325800 0.264547 0.012863 0.007150
0 0.505831 0.613766 0.014448 0.040671
5 0.672777 0.278580 0.027042 0.035220
0 0.399651 0.337473 0.011610 0.044657
0 0.157467 0.092838 0.016847 0.103599
0 0.500311 0.171951 0.013166 0.039137
0 0.667168 0.476914 0.012916 0.034955
2 0.380089 0.264807 0.012153 0.007376
2 0.091413 0.716167 0.012785 0.013031
