0 0.240251 0.900224 0.032534 0.191325
0 0.711207 0.210425 0.037276 0.218402
5 0.439738 0.439102 0.094971 0.094202
0 0.571824 0.876591 0.131600 0.058211
0 0.308688 0.161586 0.120057 0.050052
0 0.571294 0.718226 0.127479 0.057821
0 0.558746 0.220557 0.121054 0.053489
0 0.555515 0.092842 0.121157 0.054141
0 0.562605 0.389016 0.121796 0.058386
1 0.666758 0.522584 0.117309 0.047299
0 0.347440 0.591017 0.125672 0.048628
0 0.344808 0.802632 0.131578 0.057831
5 0.438655 0.951522 0.097166 0.096536
1 0.666286 0.581724 0.122410 0.045377
0 0.353016 0.363433 0.125687 0.048286
0 0.558272 0.166555 0.121726 0.049326
0 0.246068 0.562351 0.033370 0.196405
0 0.345167 0.872390 0.129133 0.056387
0 0.347523 0.523655 0.131272 0.054611
5 0.442114 0.699116 0.100233 0.154932
0 0.655287 0.171874 0.027243 0.187398
0 0.555666 0.045598 0.118807 0.051841
