2 0.647095 0.657335 0.098678 0.132726
2 0.518446 0.808058 0.099883 0.141155
5 0.291538 0.233470 0.271537 0.356224
3 0.644724 0.875290 0.101847 0.158803
5 0.668580 0.285708 0.127089 0.156503
5 0.859426 0.864386 0.128133 0.152561
2 0.561294 0.609298 0.028021 0.025651
2 0.271727 0.460006 0.013805 0.030854
0 0.396306 0.899668 0.021331 0.053727
3 0.529037 0.471975 0.049005 0.074357
3 0.640370 0.108330 0.047499 0.075991
0 0.367888 0.764793 0.014082 0.033257
2 0.713225 0.812835 0.018490 0.040323
2 0.294331 0.460751 0.013244 0.030586
2 0.446568 0.258853 0.013821 0.033438
2 0.142583 0.271139 0.013855 0.031899
5 0.516311 0.218227 0.048801 0.082328
3 0.580838 0.473494 0.047971 0.076015
3 0.633922 0.470858 0.050299 0.076358
0 0.738745 0.821525 0.015690 0.035670
2 0.118724 0.260811 0.011654 0.029440
0 0.862065 0.095545 0.031988 0.028527
0 0.337111 0.750853 0.020550 0.021817
0 0.787265 0.569033 0.034402 0.026625
0 0.337431 0.656923 0.020854 0.018899
0 0.890789 0.771747 0.041474 0.033773
0 0.761660 0.820669 0.015942 0.036718
0 0.592877 0.173706 0.016410 0.037712
0 0.335675 0.920898 0.017498 0.020383
0 0.590321 0.393472 0.015117 0.034913
2 0.540389 0.361048 0.064331 0.095139
0 0.336225 0.861771 0.019612 0.020983
2 0.746718 0.290677 0.013807 0.033582
3 0.759108 0.634348 0.054199 0.068394
2 0.509560 0.267681 0.023439 0.019871
0 0.540320 0.525878 0.023459 0.019454
2 0.805067 0.713285 0.012963 0.030432
0 0.818250 0.955617 0.024881 0.022508
2 0.317039 0.461104 0.013965 0.031421
0 0.712279 0.630874 0.018937 0.037406
0 0.339616 0.575626 0.023415 0.021856
2 0.528612 0.105027 0.021132 0.017955
2 0.119266 0.208717 0.012188 0.030090
0 0.572551 0.579055 0.023072 0.018421
2 0.944295 0.897903 0.012968 0.032949
0 0.336782 0.809742 0.018530 0.020451
0 0.590485 0.278499 0.017709 0.040318
0 0.726812 0.393567 0.016725 0.037987
0 0.857062 0.573162 0.041349 0.032489
0 0.614331 0.173447 0.015455 0.036311
0 0.185953 0.449999 0.020605 0.019132
0 0.338631 0.607024 0.020916 0.020248
2 0.784480 0.819410 0.013177 0.032416
2 0.725398 0.056306 0.021430 0.017201
0 0.680697 0.396584 0.016268 0.037777
0 0.336615 0.892359 0.014187 0.020634
0 0.659980 0.174487 0.016684 0.038250
0 0.531807 0.577969 0.022052 0.018848
0 0.115342 0.405599 0.015824 0.034262
0 0.613328 0.394736 0.015560 0.034026
0 0.857735 0.956533 0.023822 0.021246
0 0.528141 0.134918 0.019496 0.019804
0 0.115360 0.352963 0.015501 0.035231
0 0.703333 0.394577 0.015542 0.036795
0 0.336505 0.781229 0.013343 0.020578
0 0.751827 0.394515 0.016744 0.037903
0 0.028755 0.894279 0.017069 0.021741
0 0.943938 0.735512 0.014839 0.032781
0 0.827113 0.985290 0.022142 0.020358
0 0.559192 0.122267 0.014541 0.031752
0 0.187657 0.419709 0.023004 0.020624
0 0.907696 0.957863 0.026330 0.023261
2 0.527736 0.162366 0.019355 0.016178
0 0.636881 0.175989 0.015102 0.037059
0 0.627089 0.519960 0.022828 0.020643
0 0.039401 0.044214 0.022494 0.020647
0 0.838442 0.726768 0.022523 0.021208
0 0.744112 0.135160 0.035000 0.030266
0 0.858052 0.680348 0.039481 0.032807
0 0.636437 0.393764 0.015598 0.035088
0 0.943090 0.952128 0.017002 0.035395
0 0.590567 0.341570 0.017337 0.037227
0 0.689635 0.156805 0.023573 0.021802
0 0.686050 0.058138 0.022671 0.018572
0 0.747531 0.239763 0.017863 0.038148
0 0.150137 0.222256 0.022223 0.019324
0 0.940712 0.817359 0.024836 0.061429
0 0.658565 0.394043 0.014808 0.035415
0 0.681777 0.437241 0.022874 0.020485
0 0.684967 0.086074 0.020700 0.017703
0 0.689967 0.186604 0.021757 0.021787
0 0.711392 0.576945 0.017296 0.034825
0 0.602141 0.116355 0.018520 0.041342
0 0.471973 0.991402 0.038215 0.017197
0 0.039347 0.016023 0.022026 0.016204
2 0.528627 0.077290 0.021875 0.019408
2 0.249930 0.460201 0.012385 0.031207
0 0.569413 0.232883 0.013295 0.026959
2 0.582680 0.782272 0.012173 0.029589
0 0.007937 0.813659 0.015114 0.021969
0 0.739867 0.895082 0.012252 0.024881
0 0.138474 0.756711 0.016142 0.020509
0 0.038789 0.482051 0.013439 0.022583
0 0.806154 0.923503 0.010946 0.027456
0 0.002910 0.861215 0.005792 0.034844
