5 0.266840 0.212924 0.223668 0.285972
5 0.487590 0.825808 0.091971 0.153343
0 0.472601 0.058214 0.028764 0.071608
2 0.499853 0.415705 0.031461 0.082402
0 0.545133 0.057076 0.029541 0.072724
0 0.544512 0.159687 0.028099 0.069480
0 0.472084 0.158267 0.025731 0.067659
0 0.581875 0.056996 0.028349 0.070751
2 0.436487 0.295747 0.055842 0.036465
2 0.087156 0.379221 0.030925 0.074732
0 0.507788 0.056876 0.028284 0.071629
2 0.087238 0.484010 0.030628 0.077224
0 0.618237 0.055743 0.026970 0.071257
0 0.508235 0.158765 0.028321 0.071517
2 0.201824 0.447727 0.024611 0.057099
0 0.581217 0.157959 0.026066 0.070326
0 0.436752 0.347784 0.052312 0.038157
0 0.438713 0.393434 0.048856 0.034664
2 0.153407 0.719217 0.030697 0.027987
2 0.380372 0.543875 0.027422 0.075334
2 0.210271 0.603456 0.030643 0.073457
2 0.310766 0.544889 0.028254 0.072252
0 0.618237 0.159837 0.030419 0.076246
2 0.610203 0.812893 0.029599 0.021987
2 0.441773 0.248991 0.033662 0.020030
2 0.346380 0.544596 0.027910 0.072663
2 0.416564 0.544075 0.028276 0.074795
2 0.231993 0.446557 0.023492 0.057100
2 0.561308 0.384479 0.051361 0.033201
0 0.496904 0.278524 0.027730 0.068694
5 0.607844 0.896648 0.059543 0.068570
2 0.411899 0.060690 0.021310 0.050339
0 0.243713 0.904333 0.020246 0.049915
5 0.033602 0.415233 0.067205 0.149972
5 0.581685 0.286141 0.063232 0.075533
2 0.017480 0.529811 0.034508 0.036842
2 0.128864 0.203396 0.020047 0.012665
2 0.129172 0.310087 0.022680 0.014227
5 0.155262 0.612807 0.061314 0.094575
2 0.127598 0.331626 0.019241 0.013085
2 0.435772 0.441185 0.058785 0.033885
5 0.824236 0.689234 0.348153 0.557006
2 0.129119 0.288314 0.021718 0.013137
2 0.613673 0.528018 0.022955 0.015968
2 0.619503 0.777529 0.017915 0.012207
2 0.411924 0.115824 0.019577 0.012653
5 0.619155 0.690357 0.020445 0.015823
2 0.614045 0.549699 0.018729 0.013264
2 0.373320 0.032845 0.027063 0.015858
2 0.124078 0.132169 0.019541 0.012469
2 0.124849 0.153753 0.019974 0.012783
2 0.128879 0.266084 0.021781 0.012332
2 0.226716 0.511127 0.031448 0.027165
2 0.549325 0.953787 0.009124 0.026565
2 0.712820 0.338444 0.017462 0.013528
2 0.889810 0.374953 0.008513 0.028346
0 0.085934 0.481970 0.030868 0.073102
2 0.614072 0.506317 0.019288 0.012705
3 0.258397 0.577258 0.045855 0.068747
2 0.618945 0.712284 0.017688 0.014136
2 0.447584 0.153149 0.009329 0.026517
2 0.757549 0.349240 0.008480 0.025714
2 0.151078 0.522402 0.009656 0.027252
2 0.447398 0.207597 0.009131 0.024362
2 0.532368 0.952334 0.008902 0.026343
0 0.229386 0.510880 0.044665 0.028906
2 0.740873 0.349548 0.007860 0.025099
0 0.168248 0.535328 0.011675 0.024795
0 0.379324 0.545148 0.028903 0.072726
0 0.707982 0.377649 0.010788 0.025647
0 0.416280 0.545357 0.029357 0.068328
0 0.346647 0.548789 0.027309 0.083000
2 0.134446 0.523522 0.009248 0.024984
0 0.200082 0.446881 0.027154 0.067162
0 0.230691 0.444917 0.023321 0.052360
2 0.118587 0.524086 0.007671 0.021305
0 0.411437 0.057467 0.020597 0.049073
2 0.129741 0.225486 0.022017 0.014205
0 0.415352 0.959779 0.052264 0.015932
0 0.357202 0.428495 0.016302 0.039510
0 0.309702 0.548077 0.031700 0.080737
5 0.715758 0.496868 0.014422 0.023898
0 0.481175 0.781222 0.049817 0.017823
2 0.286998 0.011591 0.008260 0.019115
5 0.142792 0.459419 0.057488 0.089970
0 0.435102 0.295521 0.050963 0.034451
