3 0.625966 0.747762 0.059720 0.065206
5 0.826701 0.563718 0.050960 0.064075
2 0.293301 0.684663 0.074151 0.058911
5 0.244021 0.585060 0.052429 0.047576
2 0.082652 0.504765 0.076001 0.057325
2 0.054282 0.261788 0.062012 0.067118
2 0.427695 0.306004 0.075676 0.053351
5 0.923825 0.562844 0.046289 0.061018
2 0.269585 0.427690 0.060758 0.067945
2 0.270102 0.306424 0.061989 0.067818
2 0.729902 0.533357 0.059954 0.067917
5 0.745632 0.221568 0.127035 0.126847
5 0.141692 0.746318 0.048149 0.079075
2 0.177663 0.050010 0.076214 0.055924
5 0.630664 0.309167 0.063241 0.050423
2 0.427180 0.694847 0.031545 0.043449
5 0.492944 0.494188 0.333334 0.340299
2 0.662053 0.672494 0.011708 0.023180
2 0.281438 0.534705 0.010594 0.021083
5 0.066468 0.649665 0.084916 0.082927
2 0.176897 0.857897 0.076688 0.058517
2 0.308391 0.553738 0.010907 0.024170
5 0.164857 0.283802 0.123170 0.153815
5 0.190476 0.060757 0.105176 0.120594
