2 0.215005 0.179517 0.084908 0.121688
2 0.811833 0.515956 0.078279 0.112349
2 0.696259 0.124251 0.062252 0.162008
2 0.797225 0.743159 0.075674 0.112123
5 0.360674 0.143354 0.089579 0.157595
2 0.521651 0.201288 0.072764 0.096577
2 0.613662 0.126373 0.078581 0.172144
5 0.695446 0.303414 0.025061 0.064375
2 0.612803 0.869595 0.061899 0.090716
5 0.778743 0.330362 0.056610 0.059323
5 0.774570 0.410869 0.033580 0.052551
5 0.394846 0.340821 0.022457 0.026196
5 0.307143 0.333395 0.017733 0.031121
5 0.392529 0.284303 0.027457 0.036324
5 0.228738 0.763497 0.041924 0.040168
5 0.521558 0.346704 0.030489 0.034262
2 0.741274 0.870942 0.060767 0.084855
5 0.219005 0.403380 0.024118 0.026002
5 0.667693 0.879526 0.028290 0.038085
0 0.289163 0.221603 0.013767 0.038950
0 0.340211 0.285365 0.027092 0.021003
3 0.262213 0.832160 0.025934 0.044292
5 0.378683 0.825823 0.183013 0.144926
0 0.618506 0.509108 0.016861 0.017291
3 0.490869 0.091152 0.027167 0.042809
2 0.648847 0.443811 0.062841 0.088483
3 0.269607 0.274610 0.025864 0.042929
3 0.575294 0.750836 0.028637 0.038911
3 0.542952 0.092123 0.026521 0.039261
5 0.705393 0.682360 0.087022 0.094449
5 0.752554 0.119229 0.022081 0.016813
2 0.447945 0.221579 0.019039 0.016519
5 0.814472 0.152284 0.067558 0.075753
3 0.198548 0.828168 0.026436 0.046087
2 0.445035 0.192499 0.014333 0.013056
0 0.218563 0.645604 0.008345 0.023203
0 0.788558 0.260716 0.013505 0.038991
0 0.265939 0.119358 0.024658 0.017847
2 0.827447 0.410056 0.010104 0.022749
0 0.766522 0.259578 0.014245 0.040823
0 0.197708 0.366054 0.014465 0.012317
2 0.493256 0.773468 0.004069 0.009924
2 0.838757 0.593163 0.008025 0.019270
0 0.235342 0.631188 0.008898 0.025057
0 0.200302 0.638117 0.016031 0.013288
3 0.814194 0.568295 0.010288 0.014711
0 0.744062 0.159986 0.008071 0.018941
2 0.764752 0.455701 0.014189 0.011860
0 0.443848 0.085760 0.006937 0.015797
2 0.251358 0.649679 0.006345 0.019567
2 0.150941 0.123757 0.008499 0.008585
0 0.836568 0.354591 0.015413 0.012908
5 0.413335 0.518243 0.201449 0.215013
0 0.806084 0.647772 0.006681 0.005430
0 0.542917 0.609856 0.006885 0.005761
2 0.312146 0.395291 0.012301 0.011689
2 0.221751 0.822280 0.007946 0.021962
2 0.443489 0.084373 0.007152 0.019614
2 0.620637 0.536946 0.006654 0.020443
0 0.192249 0.865049 0.012565 0.019923
3 0.519103 0.080712 0.008129 0.021546
2 0.632213 0.536461 0.006274 0.019296
2 0.515559 0.852368 0.004225 0.009652
2 0.282337 0.379767 0.011870 0.011064
2 0.644508 0.537098 0.007087 0.019144
2 0.673279 0.762777 0.013315 0.011938
0 0.416177 0.337501 0.004405 0.009786
2 0.673116 0.780015 0.013730 0.010945
5 0.346523 0.578546 0.038810 0.048867
0 0.261905 0.651358 0.001940 0.009278
2 0.576020 0.324915 0.019829 0.032530
0 0.175528 0.829885 0.009717 0.024327
0 0.254782 0.902322 0.014146 0.013728
0 0.126713 0.741241 0.002878 0.016327
2 0.606502 0.578874 0.014805 0.011237
2 0.282153 0.363816 0.012223 0.011947
2 0.635140 0.577945 0.011946 0.009924
0 0.836519 0.370274 0.014951 0.012562
3 0.467509 0.081482 0.008394 0.021172
2 0.761851 0.471193 0.010129 0.017319
3 0.808928 0.445580 0.009221 0.018420
3 0.566037 0.874810 0.011908 0.029279
2 0.606533 0.562349 0.013566 0.010896
2 0.480304 0.342022 0.006929 0.017974
2 0.084265 0.149953 0.010178 0.018121
2 0.836470 0.337207 0.014637 0.010866
5 0.082165 0.695515 0.037881 0.048291
2 0.625692 0.621847 0.015301 0.011150
0 0.221537 0.824743 0.007010 0.015247
2 0.200508 0.688114 0.012226 0.012104
2 0.248621 0.086803 0.010311 0.011235
0 0.262980 0.686275 0.004432 0.010016
0 0.323934 0.891905 0.000790 0.008232
3 0.575898 0.278958 0.008159 0.023985
5 0.810651 0.450474 0.003608 0.014367
2 0.541495 0.478956 0.005295 0.012167
2 0.552303 0.495609 0.013367 0.023288
0 0.657066 0.563786 0.007801 0.009417
0 0.496955 0.561723 0.003755 0.006421
