5 0.460665 0.695095 0.045268 0.050205
5 0.812360 0.167971 0.027934 0.054084
5 0.851460 0.167944 0.026517 0.052134
5 0.947211 0.353140 0.084000 0.103403
5 0.611810 0.168020 0.026868 0.051302
5 0.871751 0.281950 0.048279 0.058558
5 0.460456 0.804942 0.042896 0.050487
5 0.772021 0.168166 0.026774 0.052577
5 0.650700 0.167250 0.026975 0.050975
5 0.712867 0.483185 0.261369 0.452804
5 0.691262 0.167786 0.027030 0.051436
5 0.231737 0.577989 0.050982 0.061739
5 0.571815 0.167965 0.025878 0.051024
5 0.731308 0.168049 0.026680 0.052054
5 0.378015 0.293576 0.122929 0.167839
5 0.876687 0.224720 0.037528 0.043298
5 0.146119 0.731822 0.042597 0.083265
5 0.886872 0.693181 0.089082 0.153945
5 0.732948 0.802695 0.028463 0.054015
5 0.369022 0.461459 0.059759 0.133489
5 0.350503 0.665817 0.142099 0.242506
5 0.611258 0.802713 0.027368 0.052947
2 0.871647 0.396897 0.039413 0.048712
5 0.571739 0.801986 0.026236 0.054086
5 0.438301 0.627985 0.020510 0.044966
2 0.295084 0.378380 0.029029 0.074202
2 0.555563 0.667274 0.039071 0.048724
5 0.853897 0.803735 0.028250 0.053053
5 0.894388 0.804110 0.026991 0.052043
5 0.691431 0.802511 0.028494 0.055077
5 0.813808 0.803861 0.026960 0.052746
5 0.651594 0.802592 0.027486 0.052920
5 0.773436 0.803334 0.028060 0.053475
5 0.870923 0.551490 0.036764 0.042291
2 0.417173 0.454897 0.027868 0.068053
5 0.871335 0.498786 0.038671 0.044475
2 0.463260 0.264696 0.029070 0.073919
2 0.374076 0.177370 0.039685 0.048747
2 0.251322 0.671503 0.029583 0.036743
2 0.176880 0.189509 0.039642 0.050021
2 0.269190 0.569042 0.017557 0.057483
5 0.891515 0.167159 0.028328 0.051526
2 0.294946 0.267678 0.028080 0.072866
5 0.867657 0.339217 0.026622 0.037559
2 0.513312 0.367895 0.029018 0.075602
2 0.462575 0.465634 0.031598 0.037221
2 0.463153 0.367074 0.028507 0.074746
0 0.187503 0.129380 0.026474 0.021982
2 0.561952 0.370649 0.029073 0.073137
2 0.863667 0.452659 0.030887 0.030730
0 0.495748 0.165576 0.021466 0.022519
2 0.154041 0.331731 0.029121 0.027888
0 0.550647 0.230334 0.020654 0.021361
