0 0.534381 0.331236 0.029208 0.031063
2 0.491193 0.261917 0.020161 0.053969
0 0.534039 0.462292 0.030030 0.037233
2 0.212987 0.519119 0.019447 0.049654
2 0.499084 0.712202 0.030654 0.085234
2 0.495828 0.558405 0.031001 0.084853
0 0.606592 0.339382 0.028225 0.032439
2 0.645244 0.544617 0.020022 0.053584
2 0.135987 0.837326 0.057957 0.048368
2 0.803535 0.217010 0.018881 0.049015
2 0.232936 0.367068 0.020076 0.050813
2 0.337342 0.366142 0.020212 0.051113
2 0.932926 0.505746 0.020369 0.051044
2 0.471911 0.106977 0.055499 0.041375
0 0.606997 0.385111 0.028725 0.029526
2 0.357153 0.855532 0.059005 0.046867
2 0.490895 0.184952 0.020811 0.054618
2 0.929545 0.118092 0.035086 0.093259
2 0.713695 0.099511 0.055431 0.040448
0 0.606733 0.472717 0.030864 0.037528
0 0.073283 0.341835 0.019105 0.050969
2 0.336799 0.258778 0.019447 0.051658
2 0.066845 0.210015 0.031998 0.083006
2 0.766340 0.839686 0.059054 0.047600
0 0.533969 0.372799 0.028201 0.031444
2 0.088808 0.412678 0.019403 0.052862
2 0.831600 0.577228 0.030351 0.080855
2 0.454008 0.855704 0.060237 0.047735
0 0.074168 0.575258 0.021779 0.053106
2 0.803363 0.325067 0.019538 0.052429
2 0.140105 0.107080 0.057754 0.041405
2 0.357995 0.474898 0.020232 0.053838
2 0.304714 0.600391 0.028719 0.080903
2 0.070693 0.753583 0.029172 0.085373
2 0.661737 0.201366 0.018603 0.052107
2 0.911147 0.784198 0.058253 0.047161
2 0.907478 0.215348 0.020401 0.052899
2 0.661169 0.273929 0.018797 0.052084
2 0.908030 0.360550 0.019470 0.051858
2 0.344750 0.097774 0.031731 0.064087
2 0.225906 0.843296 0.058502 0.047610
2 0.535978 0.420225 0.030735 0.027005
0 0.901923 0.739861 0.020267 0.028030
2 0.855693 0.861697 0.059301 0.046819
2 0.987772 0.840838 0.024452 0.050566
2 0.781398 0.472179 0.018049 0.048328
2 0.075214 0.658634 0.019870 0.052456
2 0.234996 0.242563 0.019069 0.022999
2 0.608568 0.431774 0.030968 0.026496
