5 0.509687 0.568990 0.130932 0.155757
5 0.610373 0.885534 0.364478 0.228932
2 0.763979 0.452918 0.034430 0.098230
0 0.077732 0.340671 0.030459 0.088921
0 0.388879 0.286278 0.059903 0.046217
3 0.753046 0.296201 0.058761 0.094925
0 0.113831 0.340773 0.028953 0.092065
0 0.389340 0.341585 0.059760 0.046893
0 0.149299 0.337906 0.029474 0.094541
2 0.381655 0.182626 0.032042 0.090958
0 0.390565 0.455166 0.060467 0.045732
0 0.573804 0.688867 0.047516 0.038004
2 0.592755 0.093802 0.029568 0.093430
2 0.664395 0.093455 0.029114 0.092733
2 0.627741 0.093512 0.029999 0.090491
5 0.196820 0.708187 0.243752 0.352242
0 0.185828 0.341359 0.030447 0.091611
2 0.698787 0.094234 0.028369 0.095175
0 0.390971 0.398866 0.061900 0.047080
2 0.469377 0.783326 0.028101 0.084803
2 0.811658 0.773664 0.022317 0.055688
0 0.044557 0.340023 0.030600 0.094493
2 0.385798 0.704098 0.041462 0.038358
2 0.094952 0.431139 0.060847 0.044098
2 0.770061 0.770931 0.022629 0.056262
0 0.768780 0.173075 0.030184 0.093864
2 0.290095 0.217282 0.061025 0.048465
2 0.482726 0.692196 0.055210 0.045187
2 0.504326 0.784725 0.028010 0.086702
2 0.671814 0.345353 0.063926 0.055935
2 0.734014 0.164947 0.029188 0.090722
2 0.050048 0.621050 0.017276 0.051451
2 0.506931 0.444496 0.063599 0.048127
0 0.391921 0.512243 0.058358 0.046769
2 0.868800 0.774871 0.023375 0.055818
2 0.204799 0.234090 0.061961 0.053554
0 0.947579 0.141304 0.059138 0.046362
0 0.839436 0.769306 0.016856 0.049270
0 0.896181 0.770772 0.017600 0.050280
2 0.320400 0.475476 0.014787 0.050414
5 0.676369 0.257720 0.079158 0.102560
0 0.740176 0.768497 0.017197 0.052862
0 0.504590 0.102519 0.094383 0.074865
2 0.046304 0.821059 0.019999 0.015459
2 0.110910 0.484936 0.031335 0.023627
2 0.951114 0.084821 0.063743 0.047735
2 0.045787 0.788927 0.018375 0.014393
0 0.046160 0.735922 0.023506 0.017584
0 0.046883 0.761367 0.021625 0.016870
