2 0.585781 0.834208 0.049157 0.125757
2 0.049317 0.585088 0.054395 0.118646
2 0.527282 0.835982 0.051237 0.124220
0 0.736010 0.250052 0.051721 0.120891
2 0.412803 0.838565 0.052035 0.119979
2 0.049321 0.742253 0.053339 0.120123
0 0.735011 0.083958 0.052792 0.116421
2 0.723105 0.639433 0.055998 0.134489
2 0.617276 0.679332 0.097434 0.055983
2 0.235376 0.690455 0.039483 0.085638
0 0.794669 0.249063 0.051797 0.119802
3 0.329019 0.893798 0.084290 0.114158
2 0.249487 0.930154 0.052824 0.114004
0 0.676206 0.086602 0.052990 0.117184
0 0.795664 0.084003 0.052040 0.121053
2 0.284633 0.688245 0.036854 0.084392
2 0.471475 0.837534 0.049610 0.121553
2 0.514662 0.049175 0.042153 0.025649
2 0.578266 0.088219 0.034436 0.073573
2 0.274607 0.788635 0.047037 0.040143
0 0.676561 0.249270 0.045131 0.103611
5 0.342452 0.330547 0.363865 0.477197
5 0.142017 0.705830 0.095625 0.151943
2 0.490054 0.661713 0.024722 0.064164
2 0.578641 0.177664 0.032954 0.020721
0 0.855207 0.246164 0.048471 0.117784
2 0.624306 0.384710 0.053531 0.029779
0 0.914962 0.080855 0.044650 0.113465
0 0.716860 0.424989 0.047431 0.118456
0 0.855855 0.085221 0.051847 0.118092
0 0.915275 0.249368 0.052609 0.120491
2 0.823689 0.592519 0.085665 0.052080
5 0.162580 0.937142 0.105396 0.125717
5 0.383800 0.344580 0.223062 0.388824
0 0.620301 0.605956 0.092475 0.059205
2 0.618434 0.454029 0.084271 0.056240
0 0.286083 0.687094 0.033354 0.075236
5 0.285771 0.339801 0.220572 0.377820
0 0.322275 0.673657 0.018041 0.041668
5 0.721235 0.254793 0.018573 0.102757
2 0.534477 0.979990 0.031968 0.022493
0 0.470682 0.850981 0.047167 0.132471
0 0.525727 0.843862 0.045838 0.117102
2 0.149915 0.809510 0.015141 0.033919
0 0.826189 0.591915 0.082472 0.051681
