5 0.541405 0.098459 0.510599 0.196918
5 0.703720 0.444392 0.163601 0.095754
0 0.741338 0.350713 0.067865 0.027544
0 0.383580 0.535367 0.042864 0.051793
5 0.191723 0.626016 0.047073 0.054144
5 0.106502 0.770577 0.046066 0.052594
0 0.769865 0.291510 0.043322 0.054056
0 0.438798 0.329601 0.039753 0.048385
5 0.119811 0.475290 0.120591 0.091942
0 0.490538 0.330371 0.039540 0.047416
0 0.543767 0.332223 0.043043 0.050246
0 0.775215 0.602501 0.031857 0.038770
5 0.707534 0.295593 0.052966 0.055260
5 0.441321 0.444917 0.164427 0.091166
0 0.754072 0.227240 0.046018 0.050256
5 0.312381 0.619336 0.089025 0.041897
5 0.403867 0.229937 0.069847 0.062354
5 0.101751 0.101037 0.111600 0.079898
5 0.184278 0.686426 0.048705 0.052316
0 0.818761 0.255957 0.043572 0.049795
5 0.198967 0.836310 0.047065 0.051988
0 0.440609 0.529911 0.039253 0.047634
0 0.462551 0.621726 0.068398 0.026401
0 0.317009 0.716182 0.040034 0.048863
2 0.406091 0.280060 0.062690 0.022654
0 0.856732 0.786965 0.047356 0.020349
0 0.475519 0.228873 0.037985 0.047483
0 0.387347 0.329560 0.040839 0.047789
5 0.088560 0.879206 0.049685 0.052418
5 0.198009 0.752628 0.047778 0.054655
0 0.849714 0.086637 0.036562 0.046189
0 0.530384 0.550245 0.028178 0.035832
5 0.416762 0.584073 0.076026 0.039429
0 0.112908 0.925901 0.048621 0.018449
0 0.226463 0.216250 0.066544 0.025194
2 0.335357 0.328541 0.036280 0.044476
0 0.496711 0.717783 0.027295 0.035664
0 0.332931 0.268506 0.040268 0.049191
2 0.653425 0.296818 0.036984 0.047167
2 0.211062 0.489453 0.036357 0.041659
0 0.516813 0.221613 0.025251 0.033910
2 0.564208 0.232899 0.035321 0.041843
2 0.498991 0.666453 0.034453 0.044216
0 0.448745 0.784360 0.053066 0.019673
2 0.056902 0.159104 0.067637 0.023691
0 0.892876 0.591587 0.029596 0.034659
2 0.855533 0.764165 0.038172 0.014080
5 0.196040 0.891411 0.083745 0.041603
0 0.947100 0.602748 0.044587 0.019084
0 0.539389 0.284235 0.069982 0.026724
2 0.133450 0.414482 0.068706 0.025243
0 0.388832 0.766850 0.027021 0.034338
0 0.688738 0.208933 0.046583 0.017923
0 0.792790 0.724254 0.025398 0.028837
2 0.942139 0.544401 0.040705 0.016422
0 0.330152 0.768630 0.026366 0.034733
2 0.411743 0.651693 0.042790 0.016688
0 0.703839 0.243576 0.029107 0.035970
0 0.264504 0.342365 0.064989 0.021888
2 0.077376 0.041798 0.066213 0.022979
0 0.294782 0.767532 0.026107 0.033359
0 0.797119 0.772515 0.029475 0.036999
0 0.055543 0.195584 0.068938 0.026599
0 0.232913 0.131389 0.045729 0.017524
0 0.160477 0.047710 0.038343 0.014260
5 0.261712 0.283081 0.087762 0.083576
0 0.981580 0.297573 0.036839 0.015627
2 0.540815 0.660209 0.024920 0.029347
0 0.864429 0.134421 0.041664 0.016848
2 0.896139 0.078387 0.022429 0.028645
5 0.968273 0.058801 0.059461 0.056615
2 0.744832 0.780582 0.051985 0.034981
2 0.259697 0.490073 0.037216 0.051806
2 0.763343 0.525302 0.044520 0.029321
0 0.056440 0.158720 0.062616 0.025705
5 0.178475 0.266960 0.056526 0.044209
0 0.128573 0.414823 0.073068 0.025549
0 0.499568 0.664076 0.039382 0.046592
2 0.330906 0.404782 0.024767 0.030111
2 0.471576 0.392652 0.010835 0.012159
0 0.059542 0.927512 0.068793 0.014958
2 0.342150 0.621831 0.023933 0.028826
2 0.715246 0.392743 0.012579 0.013717
2 0.674532 0.392945 0.010916 0.012812
5 0.490061 0.331636 0.038507 0.041501
0 0.076950 0.043257 0.054883 0.020582
2 0.733734 0.392002 0.010141 0.016783
2 0.313574 0.473437 0.041583 0.027120
2 0.079706 0.333852 0.040093 0.026272
2 0.512353 0.488376 0.011853 0.014268
