5 0.504992 0.396007 0.213987 0.180950
5 0.870724 0.069956 0.076306 0.120814
5 0.758906 0.584697 0.098570 0.156470
5 0.295515 0.070199 0.107571 0.140398
0 0.738574 0.801166 0.019568 0.059150
2 0.581776 0.171069 0.025476 0.062857
0 0.447045 0.830114 0.017418 0.055391
2 0.112442 0.887478 0.019760 0.059783
2 0.308046 0.546696 0.033785 0.111888
0 0.770339 0.801061 0.019082 0.058172
2 0.085557 0.887108 0.019237 0.060929
2 0.905285 0.840908 0.034473 0.110811
0 0.348598 0.570161 0.017596 0.056690
2 0.552366 0.170808 0.025442 0.065712
0 0.063989 0.622500 0.011855 0.036289
2 0.280206 0.417773 0.025197 0.070085
0 0.725436 0.382280 0.016915 0.052927
2 0.739451 0.719707 0.015821 0.054419
5 0.583215 0.579479 0.031933 0.063577
2 0.540180 0.665580 0.016417 0.058624
2 0.837583 0.381434 0.018599 0.056863
2 0.612100 0.169385 0.024908 0.062476
2 0.710559 0.800916 0.018125 0.061697
0 0.781850 0.381122 0.018035 0.054166
2 0.362266 0.830937 0.017066 0.055366
5 0.496365 0.936716 0.054613 0.060426
0 0.809922 0.381726 0.017632 0.054564
0 0.771765 0.720293 0.015532 0.047685
2 0.490167 0.664749 0.016207 0.058096
0 0.799866 0.720741 0.015258 0.047168
2 0.139437 0.888599 0.019323 0.059895
2 0.494403 0.589741 0.017447 0.059465
0 0.493690 0.750935 0.012987 0.043138
2 0.111169 0.770111 0.016584 0.051154
5 0.535846 0.579299 0.030961 0.063906
0 0.753135 0.381042 0.017778 0.055274
0 0.408702 0.670224 0.013382 0.044044
2 0.865969 0.381947 0.018854 0.057485
2 0.051855 0.199335 0.031298 0.086921
0 0.402175 0.908542 0.013910 0.044170
0 0.057401 0.769312 0.016014 0.048350
2 0.159715 0.770946 0.016731 0.053338
2 0.045434 0.550967 0.015626 0.050894
0 0.376775 0.571756 0.017269 0.055746
0 0.083911 0.770096 0.014701 0.046254
0 0.433586 0.927945 0.014108 0.044181
2 0.947201 0.839973 0.034224 0.106431
2 0.639079 0.163732 0.016617 0.048097
0 0.585305 0.928794 0.011512 0.036591
0 0.542110 0.929251 0.011137 0.038515
5 0.129873 0.652291 0.078368 0.125216
2 0.019029 0.681962 0.016080 0.049829
0 0.043028 0.621986 0.010890 0.034147
0 0.827350 0.720946 0.016321 0.045684
0 0.757671 0.223448 0.010108 0.027663
0 0.563801 0.927630 0.010923 0.037020
0 0.043779 0.675683 0.010401 0.035857
0 0.021492 0.557775 0.011027 0.035242
0 0.262164 0.187243 0.009586 0.028308
0 0.064827 0.675157 0.011226 0.034805
0 0.164675 0.888995 0.013762 0.044105
0 0.165645 0.083311 0.010389 0.030724
2 0.242013 0.199579 0.013632 0.043090
2 0.143038 0.214676 0.013859 0.037611
0 0.223425 0.188104 0.008753 0.027320
0 0.209038 0.188942 0.008163 0.027536
0 0.135693 0.762145 0.010589 0.037872
2 0.039878 0.383138 0.026175 0.064886
0 0.390808 0.217142 0.009497 0.028837
0 0.377355 0.900994 0.012860 0.040032
0 0.360537 0.218087 0.009212 0.030189
2 0.278230 0.218755 0.010008 0.030077
0 0.859475 0.224284 0.010028 0.028781
3 0.361603 0.665521 0.051840 0.083351
0 0.310552 0.218758 0.009353 0.028305
2 0.294737 0.218112 0.009186 0.027538
0 0.340749 0.218474 0.008966 0.028599
2 0.401469 0.130415 0.009271 0.027812
2 0.791035 0.222474 0.009736 0.027111
0 0.375785 0.217768 0.008119 0.028166
2 0.875757 0.223309 0.010030 0.026759
0 0.181777 0.081442 0.009855 0.029908
2 0.773777 0.222557 0.008947 0.027257
3 0.517452 0.850053 0.049389 0.077937
2 0.326289 0.217571 0.007624 0.026515
0 0.408243 0.601943 0.018253 0.059737
2 0.007719 0.474977 0.015438 0.056720
2 0.799561 0.800518 0.018122 0.059404
0 0.175120 0.033333 0.010080 0.026048
0 0.823046 0.223720 0.009829 0.028003
2 0.378510 0.141272 0.017593 0.013558
2 0.990903 0.689795 0.017702 0.095415
2 0.377594 0.094179 0.017153 0.014004
2 0.008099 0.383803 0.016197 0.061042
2 0.461451 0.665507 0.017206 0.060115
0 0.907808 0.154718 0.018130 0.016013
2 0.058182 0.885910 0.019338 0.058455
5 0.965346 0.085194 0.053839 0.120953
0 0.908306 0.178444 0.017510 0.014660
0 0.337805 0.836617 0.012620 0.042047
2 0.191532 0.200041 0.009185 0.026262
0 0.377417 0.118586 0.017211 0.014497
0 0.002780 0.557370 0.005551 0.037624
0 0.830091 0.172713 0.010112 0.029087
0 0.866515 0.163191 0.018428 0.015290
2 0.830091 0.172713 0.010112 0.029087
0 0.426922 0.011489 0.009167 0.022978
0 0.461451 0.665507 0.017206 0.060115
2 0.504149 0.215532 0.009117 0.025275
0 0.867378 0.184670 0.018178 0.013066
0 0.158997 0.033025 0.009374 0.025197
2 0.443019 0.009818 0.008369 0.019524
0 0.627296 0.016634 0.011726 0.030418
2 0.460162 0.009693 0.008882 0.019386
