5 0.509696 0.569502 0.130073 0.154951
5 0.610892 0.886185 0.363636 0.227630
2 0.763934 0.453057 0.034035 0.097899
0 0.077899 0.340586 0.030601 0.088562
3 0.753380 0.296148 0.059544 0.095254
0 0.113955 0.340500 0.028865 0.091923
0 0.388749 0.286140 0.058959 0.045964
0 0.391423 0.512410 0.058211 0.046100
2 0.381602 0.182893 0.032040 0.091006
0 0.149280 0.337613 0.029148 0.093913
0 0.389518 0.341355 0.059620 0.046729
5 0.196924 0.707483 0.243842 0.352481
2 0.664110 0.093562 0.029127 0.093234
0 0.390528 0.455638 0.060171 0.045202
0 0.185850 0.340765 0.030457 0.092360
2 0.698721 0.093972 0.028634 0.096391
0 0.768670 0.173420 0.030092 0.094072
2 0.627784 0.093223 0.030242 0.091465
0 0.574009 0.688992 0.047708 0.038573
2 0.592840 0.093438 0.029425 0.092940
2 0.469395 0.783201 0.028179 0.085105
0 0.044560 0.339896 0.030529 0.094405
2 0.386112 0.704092 0.042094 0.038484
0 0.390957 0.398743 0.061348 0.047107
2 0.811515 0.770630 0.022856 0.062564
2 0.769975 0.768451 0.023086 0.062166
2 0.095408 0.431406 0.060459 0.043929
2 0.290472 0.217380 0.061684 0.048801
2 0.504235 0.784390 0.028061 0.086251
2 0.482896 0.692432 0.055631 0.045431
2 0.734096 0.164654 0.028709 0.091456
2 0.672003 0.345551 0.063436 0.055058
2 0.050036 0.620804 0.016999 0.050681
2 0.868950 0.774813 0.022936 0.056133
2 0.205180 0.234492 0.061893 0.053410
0 0.947393 0.141158 0.058616 0.045857
2 0.507522 0.444848 0.062934 0.047093
0 0.839258 0.768803 0.017565 0.051690
2 0.320411 0.474780 0.014908 0.051432
0 0.896085 0.770596 0.017272 0.050491
0 0.740456 0.768045 0.017923 0.054740
2 0.950795 0.085150 0.064093 0.047583
2 0.046621 0.821400 0.020135 0.015633
5 0.676236 0.257554 0.078319 0.100846
2 0.110951 0.484913 0.030905 0.023574
0 0.504038 0.102751 0.094693 0.075864
2 0.045898 0.788710 0.018488 0.014355
0 0.046335 0.735926 0.023422 0.018205
0 0.046867 0.761608 0.021770 0.017224
