5 0.170863 0.426064 0.224698 0.326539
0 0.489030 0.152982 0.031409 0.029830
0 0.334701 0.431136 0.033661 0.031674
0 0.796931 0.793945 0.032219 0.030165
0 0.563888 0.245849 0.018574 0.055320
0 0.057375 0.727342 0.063802 0.046768
0 0.373913 0.441055 0.018577 0.051025
0 0.796169 0.845458 0.034647 0.031834
5 0.348301 0.882058 0.102049 0.133240
2 0.664172 0.420917 0.030144 0.101588
0 0.017212 0.516115 0.032701 0.033488
0 0.740052 0.859363 0.035244 0.035082
0 0.271467 0.954917 0.018822 0.048536
0 0.057978 0.839195 0.064332 0.044700
2 0.544552 0.466714 0.025766 0.074655
0 0.577605 0.861678 0.033823 0.034395
2 0.166747 0.694799 0.029214 0.087679
0 0.119774 0.837541 0.026792 0.084068
2 0.505674 0.466648 0.025171 0.072605
0 0.191755 0.838973 0.029971 0.095749
0 0.273607 0.167856 0.017489 0.048595
0 0.056533 0.782864 0.064109 0.044460
0 0.154168 0.839012 0.027617 0.090451
2 0.365575 0.976485 0.042984 0.037636
0 0.452052 0.348919 0.019225 0.055301
2 0.503370 0.296378 0.063381 0.073283
2 0.358740 0.510113 0.041606 0.033827
0 0.906195 0.384555 0.036599 0.033464
2 0.393545 0.323640 0.045509 0.036587
5 0.688799 0.110771 0.280760 0.215851
2 0.414824 0.382215 0.030887 0.027391
2 0.334461 0.380454 0.035070 0.028649
0 0.427694 0.440221 0.018499 0.056070
2 0.321891 0.273314 0.038124 0.032698
2 0.682331 0.684881 0.046587 0.039496
2 0.017968 0.304485 0.033624 0.033055
2 0.211521 0.695638 0.028619 0.087216
2 0.620297 0.684039 0.043619 0.036769
2 0.018180 0.430846 0.032469 0.028491
2 0.042911 0.631842 0.017044 0.049722
2 0.137796 0.190035 0.014449 0.048068
0 0.555331 0.943103 0.020665 0.053642
2 0.017870 0.475268 0.031778 0.029430
2 0.218524 0.168402 0.015236 0.048753
2 0.346147 0.569144 0.062966 0.046068
2 0.071047 0.631400 0.015024 0.049592
2 0.840584 0.192686 0.009875 0.028436
2 0.526792 0.388394 0.064463 0.046233
2 0.515273 0.115713 0.016832 0.014317
2 0.578264 0.329195 0.017072 0.052831
2 0.247602 0.167640 0.014961 0.047104
0 0.493781 0.203062 0.019392 0.015895
2 0.262792 0.074383 0.016138 0.053005
2 0.640658 0.268772 0.009689 0.031880
2 0.393320 0.272962 0.043284 0.033376
0 0.922502 0.142073 0.021224 0.055547
2 0.503696 0.057151 0.016739 0.013758
2 0.863778 0.047804 0.016697 0.013170
2 0.855474 0.157561 0.016157 0.015503
