5 0.748415 0.577617 0.085306 0.158707
5 0.111899 0.155277 0.043995 0.089374
5 0.655031 0.784149 0.035832 0.062429
5 0.841316 0.737766 0.045594 0.089645
5 0.686684 0.513074 0.023402 0.051377
5 0.112640 0.446564 0.041930 0.090597
5 0.885772 0.713012 0.028614 0.063373
2 0.550778 0.326925 0.031401 0.099025
5 0.324721 0.448210 0.130122 0.165260
5 0.160407 0.837185 0.041698 0.089576
5 0.159400 0.628963 0.042513 0.091332
2 0.630231 0.448962 0.024129 0.089362
2 0.566994 0.742735 0.028940 0.097656
5 0.668226 0.299800 0.061169 0.151221
2 0.522342 0.327213 0.030299 0.099481
2 0.579575 0.328295 0.033120 0.099593
2 0.426104 0.622497 0.024214 0.088137
5 0.865854 0.610191 0.046661 0.084086
5 0.204397 0.205673 0.024302 0.067310
2 0.630152 0.621887 0.023084 0.083353
2 0.425951 0.448113 0.025127 0.089733
2 0.595195 0.742119 0.026979 0.093189
2 0.462343 0.325090 0.026564 0.097215
2 0.176361 0.693914 0.035973 0.029839
2 0.304431 0.116403 0.023519 0.085456
2 0.128066 0.220489 0.033385 0.026125
2 0.193413 0.049655 0.044520 0.047335
2 0.374964 0.116111 0.023814 0.084370
2 0.197087 0.820881 0.017911 0.070822
2 0.196686 0.612342 0.017730 0.069514
2 0.376464 0.882712 0.024873 0.087840
2 0.149484 0.432604 0.016390 0.063006
2 0.241566 0.491061 0.015953 0.066826
2 0.691780 0.621217 0.015786 0.059831
2 0.909998 0.504426 0.041528 0.037969
2 0.129505 0.510885 0.033788 0.027819
5 0.529694 0.532819 0.167390 0.324274
2 0.210751 0.278865 0.054702 0.058829
2 0.242103 0.678793 0.016257 0.068021
5 0.324847 0.635461 0.131585 0.162736
2 0.730741 0.472216 0.029266 0.025455
2 0.210818 0.332189 0.052965 0.058101
2 0.241769 0.410644 0.015837 0.067620
2 0.852568 0.672895 0.022476 0.018197
2 0.110518 0.946534 0.042813 0.038912
2 0.241836 0.595443 0.016455 0.071339
2 0.857006 0.504453 0.026863 0.023683
2 0.176149 0.901412 0.034760 0.027065
0 0.596713 0.214153 0.038673 0.028280
2 0.800378 0.749737 0.022820 0.018647
5 0.754704 0.746854 0.052604 0.108820
2 0.184715 0.202971 0.012530 0.051031
2 0.765491 0.472847 0.022371 0.016999
2 0.148847 0.140691 0.017340 0.068696
0 0.909028 0.512910 0.044651 0.030572
5 0.174588 0.952523 0.047118 0.052717
2 0.491049 0.724848 0.012135 0.043381
0 0.858689 0.505083 0.031905 0.030383
2 0.525830 0.772431 0.016306 0.071703
0 0.376254 0.878652 0.026072 0.093721
0 0.695277 0.557878 0.009105 0.030872
2 0.221285 0.203394 0.016120 0.063338
0 0.150331 0.767233 0.010413 0.034198
3 0.383261 0.240986 0.036452 0.060540
0 0.079369 0.118595 0.009698 0.033342
0 0.426060 0.443316 0.028659 0.091274
