5 0.713950 0.566659 0.082863 0.138590
5 0.413324 0.470495 0.188787 0.279405
2 0.273358 0.469584 0.039601 0.026701
2 0.253352 0.354535 0.035208 0.034464
0 0.205685 0.597654 0.041373 0.033449
0 0.702596 0.378878 0.041798 0.030768
2 0.414911 0.626308 0.039615 0.029673
0 0.629273 0.609698 0.039653 0.032269
0 0.206575 0.525755 0.037887 0.029153
5 0.214910 0.426960 0.064784 0.075042
0 0.205787 0.560353 0.042180 0.032634
2 0.196377 0.354379 0.036504 0.034201
2 0.309956 0.352260 0.033325 0.024366
0 0.206750 0.490070 0.036865 0.029131
2 0.272955 0.425407 0.039231 0.026503
0 0.552866 0.335117 0.042694 0.032931
0 0.272292 0.561569 0.034041 0.027247
2 0.706703 0.452736 0.023027 0.018218
0 0.763792 0.334972 0.026536 0.019404
2 0.705695 0.415164 0.028302 0.017979
0 0.812970 0.334915 0.024678 0.017920
0 0.862114 0.335353 0.024332 0.018296
