6 0.510023 0.056137 0.175447 0.112275
2 0.269778 0.660762 0.137630 0.211319
2 0.362285 0.287672 0.090291 0.143231
2 0.053013 0.278879 0.106026 0.213896
2 0.751006 0.197526 0.095761 0.145507
2 0.467684 0.537596 0.024708 0.065793
5 0.545287 0.281416 0.120076 0.135423
0 0.783543 0.644253 0.049924 0.044569
5 0.204988 0.283806 0.089198 0.102323
0 0.236936 0.431206 0.026528 0.075757
2 0.630922 0.251080 0.025519 0.066653
0 0.694791 0.349318 0.022926 0.058214
2 0.456858 0.285301 0.024818 0.064592
2 0.503592 0.537275 0.024864 0.065996
0 0.429404 0.536748 0.023541 0.062087
0 0.785998 0.844066 0.061866 0.051836
0 0.836891 0.493555 0.025095 0.064348
0 0.515008 0.606238 0.040836 0.036061
0 0.290155 0.348115 0.024071 0.062314
0 0.673652 0.262189 0.028518 0.081760
2 0.769870 0.500058 0.022787 0.059229
2 0.529653 0.134202 0.037461 0.030823
2 0.581648 0.134292 0.039138 0.032047
0 0.588638 0.517723 0.041057 0.034620
0 0.603496 0.414641 0.056311 0.043578
2 0.639508 0.352029 0.044643 0.036882
0 0.479109 0.659659 0.041473 0.039271
0 0.456688 0.605556 0.040160 0.034033
0 0.046086 0.506766 0.024978 0.065170
1 0.184275 0.466762 0.030388 0.109053
2 0.588995 0.469302 0.042502 0.034717
0 0.708056 0.500678 0.024955 0.064866
0 0.183300 0.722589 0.023173 0.060042
0 0.673074 0.168987 0.029069 0.086098
3 0.148348 0.622089 0.054800 0.082331
4 0.270108 0.666264 0.128850 0.185616
2 0.184076 0.466624 0.030168 0.106733
0 0.541695 0.537236 0.023354 0.062656
0 0.290409 0.269673 0.023905 0.064065
5 0.752344 0.364478 0.064816 0.075077
0 0.784063 0.646042 0.034907 0.028118
5 0.239425 0.826029 0.071591 0.061734
5 0.887723 0.943634 0.222211 0.112732
6 0.039690 0.343464 0.078900 0.041424
2 0.754009 0.325949 0.015374 0.006395
5 0.227578 0.286235 0.030990 0.098361
