5 0.260691 0.210894 0.047358 0.088344
2 0.172803 0.350509 0.052202 0.052230
2 0.278511 0.338790 0.051190 0.051886
2 0.311457 0.109959 0.053104 0.053416
0 0.433432 0.499621 0.036378 0.035036
2 0.306160 0.205258 0.015378 0.054215
0 0.548056 0.345577 0.035817 0.028398
2 0.195958 0.133546 0.034031 0.074800
0 0.653685 0.358342 0.021398 0.064754
2 0.253721 0.659011 0.015358 0.049902
5 0.285804 0.540259 0.089486 0.134426
0 0.434077 0.403767 0.036581 0.033949
2 0.206178 0.526082 0.031871 0.022939
0 0.334891 0.209409 0.016964 0.056096
0 0.605325 0.558105 0.037739 0.030963
2 0.247029 0.125300 0.031910 0.022624
2 0.499314 0.426641 0.015347 0.050271
2 0.294359 0.659172 0.015220 0.049268
0 0.605602 0.344266 0.038860 0.031702
2 0.499059 0.498155 0.014621 0.048481
2 0.327893 0.434188 0.034459 0.024179
5 0.546416 0.459169 0.047906 0.071802
2 0.360345 0.505479 0.033065 0.023383
0 0.651950 0.542024 0.021099 0.065747
0 0.547471 0.558392 0.033117 0.027246
2 0.695002 0.333574 0.033096 0.024683
2 0.189259 0.445585 0.027536 0.052000
2 0.391057 0.740660 0.014260 0.044612
2 0.342846 0.658681 0.014492 0.047783
2 0.473244 0.246952 0.014380 0.048217
0 0.107152 0.362750 0.021733 0.062906
2 0.245681 0.291816 0.029532 0.020966
0 0.201027 0.614796 0.037453 0.028242
2 0.361278 0.370368 0.014550 0.045360
2 0.603137 0.471442 0.031156 0.021551
2 0.423827 0.740580 0.014232 0.044056
2 0.603100 0.434728 0.032453 0.022710
2 0.388864 0.371044 0.013609 0.044144
0 0.750437 0.247517 0.036593 0.034591
2 0.693005 0.553502 0.032349 0.022658
2 0.189014 0.253664 0.023658 0.059643
3 0.131436 0.189973 0.050123 0.071851
5 0.139777 0.574868 0.030366 0.036209
2 0.389375 0.325112 0.012696 0.025159
4 0.727456 0.377069 0.051966 0.038456
2 0.361651 0.324906 0.011626 0.022504
0 0.693924 0.332047 0.035894 0.028449
2 0.595248 0.236813 0.025663 0.022066
5 0.628071 0.648383 0.030165 0.037606
2 0.637045 0.273268 0.005883 0.023364
0 0.499033 0.498619 0.014545 0.048014
5 0.733374 0.648563 0.031200 0.035621
0 0.408500 0.172610 0.025960 0.039769
