2 0.225799 0.501743 0.070502 0.120754
2 0.291733 0.504205 0.071174 0.120757
2 0.410715 0.849354 0.052115 0.097176
2 0.209644 0.679679 0.061439 0.099044
2 0.511288 0.271129 0.054950 0.092535
5 0.425847 0.474410 0.085837 0.135000
5 0.650899 0.128187 0.049423 0.062542
5 0.793176 0.637776 0.041915 0.082330
5 0.603322 0.878582 0.022449 0.047060
5 0.651172 0.282882 0.047098 0.061159
5 0.650710 0.361156 0.047525 0.059776
5 0.412576 0.706745 0.081329 0.134233
2 0.689177 0.428394 0.031267 0.034067
2 0.637237 0.428676 0.031666 0.034368
0 0.747187 0.752400 0.023473 0.019369
5 0.651169 0.206810 0.047036 0.059121
5 0.646044 0.654164 0.023014 0.036704
2 0.567335 0.134362 0.031960 0.037248
5 0.645533 0.583857 0.023423 0.036388
5 0.793710 0.792948 0.039666 0.070265
0 0.817708 0.220441 0.033213 0.034408
2 0.342825 0.646054 0.034979 0.037599
0 0.817018 0.383140 0.032816 0.035452
2 0.707015 0.529501 0.034441 0.035525
0 0.817368 0.297976 0.033639 0.035715
5 0.515035 0.706230 0.080069 0.136885
0 0.762048 0.221043 0.027879 0.026875
0 0.747024 0.660326 0.022487 0.018398
0 0.747033 0.845044 0.024696 0.021498
0 0.761983 0.305824 0.025974 0.024142
2 0.655345 0.529271 0.033400 0.035423
0 0.761319 0.375434 0.027364 0.025478
0 0.762133 0.151750 0.026886 0.024713
0 0.747302 0.722096 0.022924 0.018411
2 0.689096 0.055660 0.032436 0.036029
5 0.645462 0.805920 0.027830 0.039064
0 0.839769 0.613648 0.027138 0.026636
2 0.637995 0.055920 0.031594 0.035420
0 0.436290 0.219581 0.027971 0.024183
0 0.817352 0.066607 0.030921 0.031372
0 0.747228 0.691412 0.023212 0.019491
0 0.817588 0.151164 0.033119 0.033952
5 0.511030 0.875998 0.053045 0.085197
2 0.721287 0.915772 0.031074 0.035050
2 0.427788 0.257783 0.038795 0.039886
0 0.746893 0.814057 0.023040 0.019265
5 0.646017 0.729893 0.023687 0.037803
0 0.839494 0.736380 0.024585 0.023794
5 0.514638 0.477939 0.079202 0.123656
0 0.839841 0.644286 0.024694 0.023954
2 0.506471 0.162627 0.065310 0.095619
2 0.198538 0.371985 0.021574 0.063573
2 0.043909 0.369582 0.036787 0.040585
0 0.839198 0.797955 0.023663 0.023679
0 0.747359 0.598796 0.023668 0.020000
0 0.747516 0.567993 0.026188 0.024741
0 0.839419 0.828863 0.024686 0.024540
2 0.460415 0.072197 0.041002 0.043442
0 0.839049 0.705968 0.024656 0.024260
2 0.845408 0.552645 0.035286 0.037411
0 0.839865 0.675468 0.024758 0.023864
2 0.593634 0.941520 0.032427 0.034554
0 0.811439 0.936081 0.023781 0.019391
0 0.839212 0.767770 0.025184 0.024099
5 0.589879 0.087596 0.027128 0.036344
2 0.807148 0.697992 0.019772 0.015458
2 0.043594 0.605585 0.037940 0.039656
2 0.552701 0.844405 0.019970 0.014768
2 0.811598 0.851363 0.019606 0.015679
2 0.811807 0.899864 0.033635 0.035842
0 0.096452 0.945606 0.024983 0.024455
2 0.605093 0.157720 0.017936 0.014237
0 0.096427 0.914313 0.024224 0.022788
2 0.487974 0.567394 0.018962 0.014565
2 0.614338 0.563291 0.019039 0.014297
2 0.604776 0.312709 0.018314 0.013470
2 0.612975 0.636069 0.018281 0.015298
2 0.543598 0.613415 0.019652 0.015171
2 0.589690 0.828767 0.019710 0.014543
2 0.656998 0.918129 0.056897 0.100778
2 0.707048 0.104691 0.017934 0.013135
2 0.612868 0.713326 0.018361 0.014422
2 0.679395 0.641195 0.019365 0.014353
3 0.562411 0.358247 0.023394 0.036937
5 0.296076 0.150189 0.125731 0.126565
2 0.189935 0.774952 0.022526 0.061196
2 0.706951 0.127617 0.018556 0.014695
2 0.678796 0.718835 0.018598 0.012480
2 0.679641 0.664678 0.017859 0.014728
2 0.403815 0.906674 0.019118 0.015726
2 0.399791 0.381078 0.018073 0.013723
2 0.604928 0.234528 0.017944 0.013595
2 0.488391 0.381785 0.018851 0.014090
2 0.399420 0.567528 0.018839 0.014202
2 0.612748 0.790927 0.018483 0.013550
2 0.678681 0.795336 0.018739 0.014344
2 0.595321 0.388906 0.017453 0.013535
2 0.679205 0.741947 0.017700 0.013769
2 0.706915 0.344141 0.017664 0.013071
2 0.386656 0.613708 0.018349 0.014205
2 0.441335 0.798084 0.018725 0.015556
2 0.706792 0.204128 0.018149 0.014168
2 0.706977 0.243013 0.017839 0.013676
2 0.706747 0.166044 0.017245 0.013251
0 0.816719 0.383371 0.022458 0.022060
2 0.706817 0.320509 0.018210 0.013403
2 0.552798 0.906468 0.018469 0.014542
0 0.817218 0.151795 0.024274 0.022451
2 0.441129 0.111145 0.019167 0.015178
2 0.543223 0.798529 0.018892 0.014260
3 0.459491 0.845106 0.028837 0.045914
2 0.189632 0.729470 0.018678 0.014801
2 0.679284 0.818377 0.018219 0.015278
2 0.566231 0.389736 0.016570 0.013842
2 0.706926 0.181931 0.018041 0.013216
2 0.679242 0.571999 0.018568 0.013189
2 0.706543 0.289261 0.017467 0.013110
2 0.413462 0.940797 0.038380 0.029933
2 0.451221 0.288874 0.017670 0.014392
2 0.706830 0.266406 0.017946 0.014031
2 0.417571 0.289214 0.017226 0.013518
2 0.350455 0.545130 0.034010 0.034136
2 0.679340 0.595334 0.017521 0.013824
0 0.751469 0.537555 0.020328 0.028558
2 0.370586 0.256925 0.019552 0.012347
2 0.852538 0.935307 0.024777 0.019167
2 0.470188 0.110996 0.019080 0.013727
0 0.810539 0.899381 0.038265 0.040772
2 0.204071 0.427377 0.019416 0.014672
2 0.655556 0.891552 0.057808 0.043768
0 0.816889 0.297924 0.024485 0.023095
2 0.789261 0.387639 0.008773 0.027947
2 0.789879 0.227453 0.009046 0.027644
2 0.707033 0.367731 0.017646 0.013175
2 0.363946 0.544011 0.007891 0.033797
2 0.789852 0.311338 0.008612 0.026183
2 0.362094 0.452987 0.004188 0.021107
2 0.636699 0.529674 0.006209 0.049471
0 0.752998 0.780982 0.015589 0.020812
5 0.444787 0.376439 0.038608 0.080216
2 0.706744 0.389998 0.018546 0.014283
0 0.706115 0.320250 0.019356 0.016929
0 0.706174 0.529297 0.036878 0.039462
