5 0.808288 0.621616 0.092779 0.144782
0 0.447782 0.194503 0.055512 0.038744
0 0.293825 0.482853 0.056972 0.036753
6 0.793306 0.304384 0.089529 0.184455
2 0.604880 0.843200 0.022322 0.055004
2 0.576220 0.844889 0.020334 0.055465
0 0.292893 0.518626 0.056695 0.034288
2 0.677709 0.812843 0.029972 0.063979
5 0.532506 0.280603 0.081539 0.092983
0 0.549285 0.115765 0.022289 0.055992
5 0.787078 0.838721 0.043994 0.048744
0 0.386890 0.195766 0.053696 0.035870
2 0.746566 0.817070 0.022463 0.054110
2 0.713483 0.813496 0.028001 0.063401
2 0.852774 0.405180 0.023205 0.060158
2 0.797599 0.153593 0.026680 0.062227
2 0.346421 0.111486 0.030181 0.066919
0 0.496715 0.395266 0.020318 0.053588
2 0.633143 0.845535 0.020923 0.054238
2 0.317012 0.599307 0.030297 0.065990
2 0.171179 0.365102 0.057190 0.031091
5 0.488341 0.109544 0.062993 0.058323
2 0.245748 0.730962 0.029004 0.064421
0 0.531724 0.168220 0.056740 0.033598
2 0.853643 0.816854 0.052519 0.030753
5 0.664744 0.334459 0.127332 0.140092
0 0.531734 0.198838 0.053025 0.032435
2 0.526894 0.394641 0.018367 0.050275
2 0.860718 0.855997 0.042324 0.027251
0 0.449642 0.195582 0.040193 0.026512
5 0.340555 0.334670 0.187184 0.140448
5 0.453342 0.628089 0.025675 0.084360
