6 0.114435 0.185287 0.133016 0.124755
2 0.148467 0.272262 0.037097 0.035888
0 0.183126 0.781071 0.017534 0.071786
5 0.105142 0.734164 0.055806 0.113421
5 0.230304 0.170892 0.037006 0.070914
5 0.291486 0.496766 0.215761 0.483659
0 0.531492 0.782614 0.041814 0.041256
0 0.805092 0.794319 0.021756 0.086595
2 0.951027 0.264314 0.057998 0.068199
2 0.511419 0.588245 0.015556 0.046819
2 0.951703 0.381309 0.059306 0.066939
2 0.836114 0.710125 0.016132 0.053073
2 0.158373 0.641499 0.025213 0.045088
2 0.539505 0.659033 0.015505 0.045122
2 0.588075 0.740596 0.015702 0.047915
2 0.833611 0.280373 0.026799 0.045193
0 0.928383 0.723423 0.027083 0.094269
5 0.690651 0.512558 0.361437 0.583732
2 0.786518 0.191029 0.026709 0.043630
2 0.187975 0.191360 0.011292 0.032105
2 0.869901 0.338910 0.031292 0.048018
2 0.951570 0.599030 0.055615 0.067552
0 0.450032 0.191916 0.023540 0.080876
2 0.949890 0.484704 0.054162 0.067180
2 0.551085 0.297075 0.025689 0.038188
2 0.317082 0.157117 0.026227 0.044312
0 0.993143 0.338133 0.013245 0.117418
0 0.902844 0.157732 0.039914 0.039581
2 0.391731 0.815856 0.016879 0.047844
0 0.960740 0.157294 0.037430 0.037419
2 0.951733 0.826908 0.057722 0.068156
